Ants
4 -------- ch130 SH
Vector(9, 13, 66, 95, 12, 32, 20, 17, 45, 79, 117, 19, 92, 36, 21, 46, 39, 22, 121, 54, 50, 59, 41, 43, 3, 34, 53, 1, 49, 129, 70, 38, 40, 0, 15, 127, 104, 61, 111, 116, 2, 113, 107, 7, 125, 29, 58, 120, 77, 124, 89, 84, 65, 27, 114, 82, 44, 75, 10, 4, 108, 60, 128, 123, 63, 68, 87, 85, 25, 96, 69, 6, 67, 97, 109, 88, 93, 76, 102, 86, 11, 80, 94, 78, 115, 23, 14, 28, 99, 30, 16, 33, 26, 18, 42, 103, 106, 126, 62, 47, 24, 31, 112, 35, 83, 118, 122, 110, 100, 81, 56, 8, 55, 64, 51, 74, 73, 98, 72, 91, 37, 105, 57, 48, 52, 119, 71, 90, 101, 5)
716
6712
---------------------------
4 -------- a280 SH
Vector(262, 261, 260, 259, 258, 257, 256, 253, 252, 207, 206, 209, 208, 251, 254, 255, 248, 247, 246, 243, 240, 239, 238, 237, 230, 231, 232, 233, 234, 235, 236, 245, 244, 242, 241, 1, 279, 2, 278, 277, 3, 276, 275, 274, 273, 272, 271, 270, 15, 16, 17, 18, 19, 20, 127, 126, 125, 124, 29, 30, 31, 28, 27, 26, 25, 21, 24, 22, 23, 13, 12, 11, 10, 9, 7, 6, 8, 5, 4, 0, 249, 250, 229, 228, 227, 226, 225, 224, 223, 222, 221, 218, 217, 214, 213, 210, 211, 212, 215, 216, 219, 220, 202, 201, 199, 143, 142, 141, 140, 139, 138, 137, 136, 135, 134, 133, 269, 268, 267, 266, 265, 264, 263, 147, 146, 145, 144, 198, 197, 196, 193, 194, 195, 200, 192, 191, 190, 189, 188, 187, 186, 184, 183, 182, 181, 180, 175, 176, 150, 151, 155, 152, 154, 153, 128, 129, 130, 131, 132, 14, 148, 149, 177, 178, 179, 159, 158, 157, 156, 118, 119, 120, 121, 122, 123, 32, 33, 34, 35, 36, 37, 38, 39, 40, 41, 42, 59, 60, 117, 61, 62, 63, 64, 65, 66, 69, 70, 71, 72, 73, 74, 75, 76, 77, 78, 79, 80, 81, 82, 83, 84, 85, 115, 114, 113, 110, 109, 107, 103, 102, 101, 100, 99, 98, 97, 92, 93, 94, 95, 96, 91, 90, 89, 88, 108, 111, 87, 86, 112, 116, 58, 43, 44, 45, 46, 47, 48, 49, 50, 51, 52, 53, 54, 55, 56, 57, 67, 68, 104, 105, 106, 172, 173, 160, 161, 162, 163, 164, 165, 166, 167, 168, 169, 170, 171, 174, 185, 203, 204, 205)
169
3126
---------------------------
4 -------- p654 SH
Vector(356, 352, 348, 344, 340, 336, 332, 328, 324, 320, 316, 312, 308, 304, 300, 299, 298, 302, 303, 307, 306, 310, 311, 315, 314, 318, 319, 323, 322, 326, 327, 331, 330, 334, 335, 339, 338, 342, 343, 347, 346, 350, 351, 355, 354, 358, 359, 360, 361, 357, 353, 349, 345, 341, 337, 333, 329, 325, 321, 317, 313, 309, 305, 301, 641, 586, 585, 621, 620, 607, 584, 583, 619, 639, 618, 606, 582, 581, 605, 580, 604, 635, 634, 633, 617, 603, 578, 577, 576, 575, 602, 574, 573, 572, 614, 615, 631, 632, 616, 630, 579, 636, 637, 638, 640, 364, 363, 362, 366, 367, 368, 369, 365, 373, 372, 371, 370, 374, 375, 376, 377, 381, 380, 379, 378, 382, 383, 384, 385, 389, 388, 387, 386, 390, 391, 392, 393, 16, 14, 60, 59, 58, 57, 55, 54, 53, 52, 49, 48, 47, 45, 43, 44, 42, 40, 39, 35, 36, 34, 29, 28, 27, 26, 24, 23, 20, 19, 25, 30, 31, 32, 33, 37, 38, 41, 46, 51, 50, 56, 61, 13, 12, 10, 11, 8, 7, 6, 5, 9, 62, 63, 71, 70, 69, 67, 66, 65, 64, 68, 72, 104, 103, 102, 569, 544, 530, 515, 514, 529, 513, 528, 565, 564, 563, 543, 527, 511, 510, 509, 508, 526, 507, 506, 505, 540, 541, 561, 562, 542, 560, 512, 566, 567, 568, 545, 516, 517, 531, 546, 570, 547, 518, 519, 571, 205, 204, 203, 202, 206, 207, 208, 209, 213, 212, 211, 210, 214, 215, 216, 217, 221, 220, 219, 218, 222, 223, 224, 225, 229, 228, 227, 226, 230, 231, 232, 233, 237, 236, 235, 234, 238, 239, 240, 241, 245, 244, 243, 242, 246, 247, 248, 249, 253, 252, 251, 250, 254, 255, 256, 257, 261, 260, 259, 258, 262, 263, 264, 265, 269, 268, 267, 266, 270, 271, 272, 273, 277, 276, 275, 274, 278, 279, 280, 281, 285, 284, 283, 282, 286, 287, 288, 289, 293, 292, 291, 290, 294, 295, 296, 297, 105, 73, 76, 75, 78, 77, 74, 79, 82, 83, 84, 88, 87, 86, 85, 80, 81, 89, 92, 94, 95, 96, 97, 98, 99, 100, 101, 93, 90, 91, 201, 197, 193, 189, 185, 181, 177, 173, 169, 165, 161, 157, 153, 149, 145, 141, 137, 133, 129, 125, 121, 117, 113, 109, 108, 107, 106, 110, 111, 112, 116, 115, 114, 118, 119, 120, 124, 123, 122, 126, 127, 128, 132, 131, 130, 134, 135, 136, 140, 139, 138, 142, 143, 144, 148, 147, 146, 150, 151, 152, 156, 155, 154, 158, 159, 160, 164, 163, 162, 166, 167, 168, 172, 171, 170, 174, 175, 176, 180, 179, 178, 182, 183, 184, 188, 187, 186, 190, 191, 192, 196, 195, 194, 198, 199, 200, 559, 504, 503, 539, 538, 525, 502, 501, 537, 557, 536, 524, 500, 499, 523, 498, 522, 553, 552, 551, 535, 521, 496, 495, 494, 493, 520, 492, 491, 490, 532, 533, 549, 550, 534, 548, 497, 554, 555, 556, 558, 1, 2, 3, 4, 0, 21, 22, 18, 17, 587, 588, 589, 608, 623, 622, 642, 643, 644, 624, 591, 590, 592, 593, 609, 625, 645, 646, 647, 610, 594, 595, 611, 648, 649, 650, 626, 612, 597, 596, 651, 627, 598, 599, 613, 628, 652, 629, 600, 601, 653, 397, 396, 395, 394, 398, 399, 400, 401, 405, 404, 403, 402, 406, 407, 408, 409, 413, 412, 411, 410, 414, 415, 416, 417, 421, 420, 419, 418, 422, 423, 424, 425, 429, 428, 427, 426, 430, 431, 432, 433, 437, 436, 435, 434, 438, 439, 440, 441, 445, 444, 443, 442, 446, 447, 448, 449, 453, 452, 451, 450, 454, 455, 456, 457, 461, 460, 459, 458, 462, 463, 464, 465, 469, 468, 467, 466, 470, 471, 472, 473, 477, 476, 475, 474, 478, 479, 480, 481, 485, 484, 483, 482, 486, 487, 488, 489, 15)
20
46108
---------------------------
===========================================================00
4 -------- ch130 SHE
Vector(101, 5, 71, 90, 91, 72, 98, 73, 74, 51, 8, 56, 55, 64, 81, 100, 122, 110, 118, 83, 35, 31, 112, 24, 47, 97, 109, 67, 62, 42, 103, 106, 126, 69, 96, 25, 6, 87, 85, 68, 63, 123, 128, 60, 108, 75, 10, 4, 44, 15, 127, 104, 61, 27, 114, 111, 116, 38, 70, 40, 0, 129, 49, 1, 117, 79, 45, 19, 17, 7, 107, 113, 2, 82, 29, 58, 120, 77, 89, 124, 84, 65, 125, 32, 20, 92, 3, 34, 53, 16, 30, 33, 26, 18, 99, 115, 23, 14, 28, 88, 93, 76, 102, 86, 11, 80, 94, 78, 37, 105, 57, 48, 52, 119, 59, 50, 41, 43, 39, 46, 36, 21, 22, 121, 54, 13, 9, 66, 95, 12)
695
6513
---------------------------
4 -------- a280 SHE
Vector(262, 262, 261, 260, 259, 258, 257, 256, 253, 252, 207, 206, 209, 208, 251, 254, 255, 248, 247, 246, 243, 240, 239, 238, 237, 230, 231, 232, 233, 234, 235, 236, 245, 244, 242, 241, 1, 279, 2, 278, 277, 3, 276, 275, 274, 273, 272, 271, 270, 15, 16, 17, 18, 19, 20, 127, 126, 125, 124, 29, 30, 31, 28, 27, 26, 25, 21, 24, 22, 23, 13, 12, 11, 10, 9, 7, 6, 8, 5, 4, 0, 249, 250, 229, 228, 227, 226, 225, 224, 223, 222, 221, 218, 217, 214, 213, 210, 211, 212, 215, 216, 219, 220, 202, 201, 199, 143, 142, 141, 140, 139, 138, 137, 136, 135, 134, 133, 269, 268, 267, 266, 265, 264, 263, 147, 146, 145, 144, 198, 197, 196, 193, 194, 195, 200, 192, 191, 190, 189, 188, 187, 186, 184, 183, 182, 181, 180, 175, 176, 150, 151, 155, 152, 154, 153, 128, 129, 130, 131, 132, 14, 148, 149, 177, 178, 179, 159, 158, 157, 156, 118, 119, 120, 121, 122, 123, 32, 33, 34, 35, 36, 37, 38, 39, 40, 41, 42, 59, 60, 117, 61, 62, 63, 64, 65, 66, 69, 70, 71, 72, 73, 74, 75, 76, 77, 78, 79, 80, 81, 82, 83, 84, 85, 115, 114, 113, 110, 109, 107, 103, 102, 101, 100, 99, 98, 97, 92, 93, 94, 95, 96, 91, 90, 89, 88, 108, 111, 87, 86, 112, 116, 58, 43, 44, 45, 46, 47, 48, 49, 50, 51, 52, 53, 54, 55, 56, 57, 67, 68, 104, 105, 106, 172, 173, 160, 161, 162, 163, 164, 165, 166, 167, 168, 169, 170, 171, 174, 185, 203, 204)
173
3121
---------------------------
4 -------- p654 SHE
Vector(356, 356, 352, 348, 344, 340, 336, 332, 328, 324, 320, 316, 312, 308, 304, 300, 299, 298, 302, 303, 307, 306, 310, 311, 315, 314, 318, 319, 323, 322, 326, 327, 331, 330, 334, 335, 339, 338, 342, 343, 347, 346, 350, 351, 355, 354, 358, 359, 360, 361, 357, 353, 349, 345, 341, 337, 333, 329, 325, 321, 317, 313, 309, 305, 301, 641, 586, 585, 621, 620, 607, 584, 583, 619, 639, 618, 606, 582, 581, 605, 580, 604, 635, 634, 633, 617, 603, 578, 577, 576, 575, 602, 574, 573, 572, 614, 615, 631, 632, 616, 630, 579, 636, 637, 638, 640, 364, 363, 362, 366, 367, 368, 369, 365, 373, 372, 371, 370, 374, 375, 376, 377, 381, 380, 379, 378, 382, 383, 384, 385, 389, 388, 387, 386, 390, 391, 392, 393, 16, 14, 60, 59, 58, 57, 55, 54, 53, 52, 49, 48, 47, 45, 43, 44, 42, 40, 39, 35, 36, 34, 29, 28, 27, 26, 24, 23, 20, 19, 25, 30, 31, 32, 33, 37, 38, 41, 46, 51, 50, 56, 61, 13, 12, 10, 11, 8, 7, 6, 5, 9, 62, 63, 71, 70, 69, 67, 66, 65, 64, 68, 72, 104, 103, 102, 569, 544, 530, 515, 514, 529, 513, 528, 565, 564, 563, 543, 527, 511, 510, 509, 508, 526, 507, 506, 505, 540, 541, 561, 562, 542, 560, 512, 566, 567, 568, 545, 516, 517, 531, 546, 570, 547, 518, 519, 571, 205, 204, 203, 202, 206, 207, 208, 209, 213, 212, 211, 210, 214, 215, 216, 217, 221, 220, 219, 218, 222, 223, 224, 225, 229, 228, 227, 226, 230, 231, 232, 233, 237, 236, 235, 234, 238, 239, 240, 241, 245, 244, 243, 242, 246, 247, 248, 249, 253, 252, 251, 250, 254, 255, 256, 257, 261, 260, 259, 258, 262, 263, 264, 265, 269, 268, 267, 266, 270, 271, 272, 273, 277, 276, 275, 274, 278, 279, 280, 281, 285, 284, 283, 282, 286, 287, 288, 289, 293, 292, 291, 290, 294, 295, 296, 297, 105, 73, 76, 75, 78, 77, 74, 79, 82, 83, 84, 88, 87, 86, 85, 80, 81, 89, 92, 94, 95, 96, 97, 98, 99, 100, 101, 93, 90, 91, 201, 197, 193, 189, 185, 181, 177, 173, 169, 165, 161, 157, 153, 149, 145, 141, 137, 133, 129, 125, 121, 117, 113, 109, 108, 107, 106, 110, 111, 112, 116, 115, 114, 118, 119, 120, 124, 123, 122, 126, 127, 128, 132, 131, 130, 134, 135, 136, 140, 139, 138, 142, 143, 144, 148, 147, 146, 150, 151, 152, 156, 155, 154, 158, 159, 160, 164, 163, 162, 166, 167, 168, 172, 171, 170, 174, 175, 176, 180, 179, 178, 182, 183, 184, 188, 187, 186, 190, 191, 192, 196, 195, 194, 198, 199, 200, 559, 504, 503, 539, 538, 525, 502, 501, 537, 557, 536, 524, 500, 499, 523, 498, 522, 553, 552, 551, 535, 521, 496, 495, 494, 493, 520, 492, 491, 490, 532, 533, 549, 550, 534, 548, 497, 554, 555, 556, 558, 1, 2, 3, 4, 0, 21, 22, 18, 17, 587, 588, 589, 608, 623, 622, 642, 643, 644, 624, 591, 590, 592, 593, 609, 625, 645, 646, 647, 610, 594, 595, 611, 648, 649, 650, 626, 612, 597, 596, 651, 627, 598, 599, 613, 628, 652, 629, 600, 601, 653, 397, 396, 395, 394, 398, 399, 400, 401, 405, 404, 403, 402, 406, 407, 408, 409, 413, 412, 411, 410, 414, 415, 416, 417, 421, 420, 419, 418, 422, 423, 424, 425, 429, 428, 427, 426, 430, 431, 432, 433, 437, 436, 435, 434, 438, 439, 440, 441, 445, 444, 443, 442, 446, 447, 448, 449, 453, 452, 451, 450, 454, 455, 456, 457, 461, 460, 459, 458, 462, 463, 464, 465, 469, 468, 467, 466, 470, 471, 472, 473, 477, 476, 475, 474, 478, 479, 480, 481, 485, 484, 483, 482, 486, 487, 488, 489)
22
43255
---------------------------
===========================================================00
4 -------- ch130 SCH
Vector(9, 13, 66, 12, 95, 22, 46, 39, 21, 36, 92, 32, 20, 125, 29, 58, 120, 77, 89, 124, 84, 65, 27, 114, 82, 2, 113, 107, 7, 17, 19, 45, 79, 117, 53, 16, 30, 33, 103, 126, 106, 42, 62, 69, 96, 25, 6, 87, 85, 68, 63, 123, 128, 60, 108, 75, 10, 4, 44, 15, 127, 104, 61, 111, 116, 38, 70, 40, 0, 129, 49, 1, 34, 3, 105, 37, 78, 94, 115, 23, 99, 26, 18, 14, 28, 88, 93, 109, 97, 67, 47, 24, 112, 31, 35, 83, 118, 110, 122, 100, 81, 56, 8, 55, 64, 102, 76, 80, 11, 86, 51, 74, 73, 98, 72, 91, 71, 90, 48, 57, 52, 119, 59, 50, 41, 43, 121, 54, 5, 101)
814
6448
---------------------------
4 -------- a280 SCH
Vector(214, 217, 218, 219, 220, 221, 222, 223, 224, 225, 226, 227, 228, 229, 250, 249, 246, 243, 240, 239, 238, 237, 230, 231, 232, 233, 234, 235, 236, 245, 244, 242, 241, 1, 279, 0, 4, 5, 6, 8, 7, 9, 10, 11, 271, 272, 273, 274, 275, 276, 3, 278, 277, 2, 247, 248, 255, 254, 251, 208, 207, 206, 209, 205, 252, 253, 256, 257, 258, 259, 260, 261, 262, 263, 264, 265, 266, 267, 268, 269, 133, 134, 135, 136, 137, 138, 139, 140, 141, 142, 145, 146, 147, 148, 149, 16, 15, 270, 14, 12, 13, 23, 22, 24, 21, 25, 26, 27, 28, 30, 31, 32, 33, 34, 35, 36, 37, 38, 39, 40, 41, 42, 59, 60, 117, 61, 62, 63, 64, 65, 66, 69, 70, 71, 72, 73, 74, 75, 76, 77, 78, 79, 80, 81, 82, 83, 84, 85, 115, 114, 113, 110, 109, 107, 103, 102, 101, 100, 99, 98, 97, 92, 93, 94, 95, 96, 91, 90, 89, 88, 108, 111, 87, 86, 112, 116, 58, 43, 44, 45, 46, 47, 48, 49, 50, 51, 52, 53, 54, 55, 56, 57, 67, 68, 104, 105, 106, 172, 173, 160, 161, 162, 163, 164, 165, 166, 167, 168, 169, 170, 171, 174, 159, 158, 157, 156, 118, 119, 120, 121, 122, 123, 124, 29, 125, 126, 127, 20, 19, 18, 17, 132, 131, 130, 129, 128, 153, 154, 152, 155, 151, 150, 177, 176, 175, 180, 179, 178, 181, 182, 183, 184, 186, 185, 188, 187, 189, 190, 191, 193, 194, 195, 200, 197, 196, 192, 198, 144, 143, 199, 201, 202, 203, 204, 211, 210, 213, 212, 215, 216)
88
2868
---------------------------
4 -------- p654 SCH
Vector(356, 356, 352, 348, 344, 340, 336, 332, 328, 324, 320, 316, 312, 308, 304, 300, 299, 298, 302, 303, 307, 306, 310, 311, 315, 314, 318, 319, 323, 322, 326, 327, 331, 330, 334, 335, 339, 338, 342, 343, 347, 346, 350, 351, 355, 354, 358, 359, 360, 361, 357, 353, 349, 345, 341, 337, 333, 329, 325, 321, 317, 313, 309, 305, 301, 641, 586, 585, 621, 620, 607, 584, 583, 619, 639, 618, 606, 582, 581, 605, 580, 604, 635, 634, 633, 617, 603, 578, 577, 576, 575, 602, 574, 573, 572, 614, 615, 631, 632, 616, 630, 579, 636, 637, 638, 640, 364, 363, 362, 366, 367, 368, 369, 365, 373, 372, 371, 370, 374, 375, 376, 377, 381, 380, 379, 378, 382, 383, 384, 385, 389, 388, 387, 386, 390, 391, 392, 393, 16, 14, 60, 59, 58, 57, 55, 54, 53, 52, 49, 48, 47, 45, 43, 44, 42, 40, 39, 35, 36, 34, 29, 28, 27, 26, 24, 23, 20, 19, 25, 30, 31, 32, 33, 37, 38, 41, 46, 51, 50, 56, 61, 13, 12, 10, 11, 8, 7, 6, 5, 9, 62, 63, 71, 70, 69, 67, 66, 65, 64, 68, 72, 104, 103, 102, 569, 544, 530, 515, 514, 529, 513, 528, 565, 564, 563, 543, 527, 511, 510, 509, 508, 526, 507, 506, 505, 540, 541, 561, 562, 542, 560, 512, 566, 567, 568, 545, 516, 517, 531, 546, 570, 547, 518, 519, 571, 205, 204, 203, 202, 206, 207, 208, 209, 213, 212, 211, 210, 214, 215, 216, 217, 221, 220, 219, 218, 222, 223, 224, 225, 229, 228, 227, 226, 230, 231, 232, 233, 237, 236, 235, 234, 238, 239, 240, 241, 245, 244, 243, 242, 246, 247, 248, 249, 253, 252, 251, 250, 254, 255, 256, 257, 261, 260, 259, 258, 262, 263, 264, 265, 269, 268, 267, 266, 270, 271, 272, 273, 277, 276, 275, 274, 278, 279, 280, 281, 285, 284, 283, 282, 286, 287, 288, 289, 293, 292, 291, 290, 294, 295, 296, 297, 105, 73, 76, 75, 78, 77, 74, 79, 82, 83, 84, 88, 87, 86, 85, 80, 81, 89, 92, 94, 95, 96, 97, 98, 99, 100, 101, 93, 90, 91, 201, 197, 193, 189, 185, 181, 177, 173, 169, 165, 161, 157, 153, 149, 145, 141, 137, 133, 129, 125, 121, 117, 113, 109, 108, 107, 106, 110, 111, 112, 116, 115, 114, 118, 119, 120, 124, 123, 122, 126, 127, 128, 132, 131, 130, 134, 135, 136, 140, 139, 138, 142, 143, 144, 148, 147, 146, 150, 151, 152, 156, 155, 154, 158, 159, 160, 164, 163, 162, 166, 167, 168, 172, 171, 170, 174, 175, 176, 180, 179, 178, 182, 183, 184, 188, 187, 186, 190, 191, 192, 196, 195, 194, 198, 199, 200, 559, 504, 503, 539, 538, 525, 502, 501, 537, 557, 536, 524, 500, 499, 523, 498, 522, 553, 552, 551, 535, 521, 496, 495, 494, 493, 520, 492, 491, 490, 532, 533, 549, 550, 534, 548, 497, 554, 555, 556, 558, 1, 2, 3, 4, 0, 21, 22, 18, 17, 587, 588, 589, 608, 623, 622, 642, 643, 644, 624, 591, 590, 592, 593, 609, 625, 645, 646, 647, 610, 594, 595, 611, 648, 649, 650, 626, 612, 597, 596, 651, 627, 598, 599, 613, 628, 652, 629, 600, 601, 653, 397, 396, 395, 394, 398, 399, 400, 401, 405, 404, 403, 402, 406, 407, 408, 409, 413, 412, 411, 410, 414, 415, 416, 417, 421, 420, 419, 418, 422, 423, 424, 425, 429, 428, 427, 426, 430, 431, 432, 433, 437, 436, 435, 434, 438, 439, 440, 441, 445, 444, 443, 442, 446, 447, 448, 449, 453, 452, 451, 450, 454, 455, 456, 457, 461, 460, 459, 458, 462, 463, 464, 465, 469, 468, 467, 466, 470, 471, 472, 473, 477, 476, 475, 474, 478, 479, 480, 481, 485, 484, 483, 482, 486, 487, 488, 489)
22
43255
---------------------------
