Ants
3 -------- ch130 SH
Vector(52, 119, 71, 90, 101, 5, 9, 13, 66, 95, 12, 32, 20, 125, 29, 58, 120, 77, 89, 124, 84, 65, 114, 27, 82, 2, 113, 7, 107, 17, 45, 79, 117, 19, 92, 36, 21, 39, 46, 22, 121, 54, 59, 50, 41, 43, 3, 34, 53, 1, 49, 129, 70, 38, 40, 0, 127, 104, 61, 111, 116, 44, 15, 4, 10, 108, 75, 60, 128, 123, 63, 68, 85, 87, 6, 96, 25, 69, 62, 67, 97, 109, 88, 93, 76, 102, 80, 11, 86, 78, 94, 115, 23, 14, 28, 18, 26, 99, 30, 16, 33, 42, 103, 106, 126, 24, 47, 112, 31, 83, 35, 118, 100, 122, 110, 81, 56, 8, 55, 64, 51, 74, 73, 98, 72, 91, 37, 105, 57, 48)
721
6670
---------------------------
3 -------- a280 SH
Vector(54, 45, 44, 43, 56, 55, 53, 46, 47, 48, 49, 50, 51, 52, 38, 37, 36, 35, 34, 39, 40, 41, 42, 59, 60, 117, 61, 62, 63, 64, 65, 66, 69, 70, 71, 72, 73, 74, 75, 76, 77, 78, 79, 80, 81, 82, 83, 84, 85, 115, 114, 113, 110, 109, 107, 103, 102, 101, 100, 99, 98, 97, 92, 93, 94, 95, 96, 91, 90, 89, 88, 108, 111, 87, 86, 112, 116, 58, 57, 67, 68, 33, 32, 30, 29, 124, 123, 122, 121, 120, 119, 118, 156, 157, 158, 159, 174, 160, 161, 162, 163, 164, 165, 166, 167, 168, 169, 170, 171, 172, 105, 104, 106, 173, 181, 180, 175, 176, 150, 151, 155, 152, 154, 153, 128, 127, 20, 19, 18, 17, 16, 132, 131, 130, 129, 126, 125, 28, 27, 26, 25, 21, 24, 22, 23, 13, 12, 11, 10, 9, 7, 6, 8, 274, 273, 272, 271, 270, 15, 14, 269, 133, 134, 135, 136, 137, 138, 139, 140, 141, 142, 143, 144, 145, 146, 147, 148, 149, 177, 178, 179, 182, 183, 184, 186, 185, 188, 187, 189, 190, 191, 193, 194, 195, 196, 197, 198, 199, 200, 201, 202, 203, 204, 205, 206, 207, 208, 209, 210, 211, 212, 213, 214, 215, 216, 217, 218, 219, 220, 221, 222, 223, 224, 225, 226, 227, 228, 229, 250, 249, 246, 243, 240, 239, 238, 237, 230, 231, 232, 233, 234, 235, 236, 245, 244, 242, 241, 1, 279, 2, 278, 277, 3, 276, 275, 5, 4, 0, 247, 248, 255, 254, 251, 252, 253, 256, 257, 258, 259, 260, 261, 262, 263, 264, 265, 266, 267, 268, 31, 192)
159
3225
---------------------------
3 -------- p654 SH
Vector(194, 190, 186, 182, 178, 174, 170, 166, 162, 158, 154, 150, 146, 142, 138, 134, 130, 126, 122, 118, 114, 110, 106, 107, 108, 109, 113, 112, 111, 115, 116, 117, 121, 120, 119, 123, 124, 125, 129, 128, 127, 131, 132, 133, 137, 136, 135, 139, 140, 141, 145, 144, 143, 147, 148, 149, 153, 152, 151, 155, 156, 157, 161, 160, 159, 163, 164, 165, 169, 168, 167, 171, 172, 173, 177, 176, 175, 179, 180, 181, 185, 184, 183, 187, 188, 189, 193, 192, 191, 195, 196, 197, 201, 200, 199, 198, 504, 503, 539, 559, 538, 525, 502, 501, 537, 557, 536, 524, 500, 499, 523, 498, 522, 553, 552, 551, 535, 521, 496, 495, 494, 493, 520, 492, 491, 490, 532, 533, 549, 550, 534, 548, 497, 554, 555, 556, 558, 1, 2, 3, 4, 5, 6, 7, 8, 9, 62, 63, 71, 70, 69, 67, 66, 65, 64, 68, 72, 104, 103, 102, 569, 544, 530, 515, 514, 529, 513, 528, 565, 564, 563, 543, 527, 511, 510, 509, 508, 526, 507, 506, 505, 540, 541, 561, 562, 542, 560, 512, 566, 567, 568, 545, 516, 517, 531, 546, 570, 547, 518, 519, 571, 205, 204, 203, 202, 206, 207, 208, 209, 213, 212, 211, 210, 214, 215, 216, 217, 221, 220, 219, 218, 222, 223, 224, 225, 229, 228, 227, 226, 230, 231, 232, 233, 237, 236, 235, 234, 238, 239, 240, 241, 245, 244, 243, 242, 246, 247, 248, 249, 253, 252, 251, 250, 254, 255, 256, 257, 261, 260, 259, 258, 262, 263, 264, 265, 269, 268, 267, 266, 270, 271, 272, 273, 277, 276, 275, 274, 278, 279, 280, 281, 285, 284, 283, 282, 286, 287, 288, 289, 293, 292, 291, 290, 294, 295, 296, 297, 105, 73, 76, 75, 78, 77, 74, 79, 82, 83, 84, 88, 87, 86, 85, 80, 81, 89, 92, 94, 95, 96, 97, 98, 99, 100, 101, 93, 90, 91, 10, 11, 12, 13, 61, 51, 50, 53, 52, 54, 55, 57, 58, 59, 60, 56, 49, 48, 47, 45, 43, 44, 42, 40, 39, 35, 36, 34, 29, 28, 27, 26, 24, 23, 20, 19, 25, 30, 31, 32, 33, 37, 38, 41, 46, 22, 21, 18, 17, 16, 14, 585, 621, 641, 586, 298, 299, 300, 301, 305, 304, 303, 302, 306, 307, 308, 309, 313, 312, 311, 310, 314, 315, 316, 317, 321, 320, 319, 318, 322, 323, 324, 325, 329, 328, 327, 326, 330, 331, 332, 333, 337, 336, 335, 334, 338, 339, 340, 341, 345, 344, 343, 342, 346, 347, 348, 349, 353, 352, 351, 350, 354, 355, 356, 357, 361, 360, 359, 358, 362, 363, 364, 365, 369, 368, 367, 366, 370, 371, 372, 373, 377, 376, 375, 374, 378, 379, 380, 381, 385, 384, 383, 382, 386, 387, 388, 389, 393, 392, 391, 390, 607, 620, 640, 619, 583, 584, 639, 618, 606, 582, 581, 605, 580, 604, 635, 634, 633, 617, 603, 578, 577, 576, 575, 602, 574, 573, 572, 614, 615, 631, 632, 616, 630, 579, 636, 637, 638, 15, 642, 622, 623, 608, 589, 588, 587, 643, 644, 624, 591, 590, 592, 593, 609, 625, 645, 646, 647, 610, 594, 595, 611, 648, 649, 650, 626, 612, 597, 596, 651, 627, 598, 599, 613, 628, 652, 629, 600, 601, 653, 397, 396, 395, 394, 398, 399, 400, 401, 405, 404, 403, 402, 406, 407, 408, 409, 413, 412, 411, 410, 414, 415, 416, 417, 421, 420, 419, 418, 422, 423, 424, 425, 429, 428, 427, 426, 430, 431, 432, 433, 437, 436, 435, 434, 438, 439, 440, 441, 445, 444, 443, 442, 446, 447, 448, 449, 453, 452, 451, 450, 454, 455, 456, 457, 461, 460, 459, 458, 462, 463, 464, 465, 469, 468, 467, 466, 470, 471, 472, 473, 477, 476, 475, 474, 478, 479, 480, 481, 485, 484, 483, 482, 486, 487, 488, 489, 0)
21
47415
---------------------------
===========================================================00
3 -------- ch130 SHE
Vector(104, 61, 111, 116, 38, 70, 40, 0, 129, 49, 1, 117, 79, 45, 19, 34, 53, 16, 30, 33, 26, 18, 99, 115, 23, 14, 28, 94, 78, 37, 105, 57, 48, 52, 119, 59, 50, 41, 43, 39, 46, 36, 21, 22, 121, 54, 13, 9, 66, 95, 12, 101, 5, 90, 71, 91, 72, 98, 73, 74, 51, 8, 56, 55, 64, 102, 76, 93, 88, 109, 97, 67, 62, 69, 96, 25, 6, 87, 68, 63, 85, 123, 128, 60, 108, 75, 10, 4, 44, 15, 127, 126, 106, 103, 42, 47, 24, 31, 112, 35, 83, 118, 110, 122, 100, 81, 80, 11, 86, 3, 92, 32, 20, 17, 7, 107, 125, 113, 2, 82, 29, 58, 120, 77, 89, 124, 84, 65, 27, 114)
704
6836
---------------------------
3 -------- a280 SHE
Vector(54, 54, 45, 44, 43, 56, 55, 53, 46, 47, 48, 49, 50, 51, 52, 38, 37, 36, 35, 34, 39, 40, 41, 42, 59, 60, 117, 61, 62, 63, 64, 65, 66, 69, 70, 71, 72, 73, 74, 75, 76, 77, 78, 79, 80, 81, 82, 83, 84, 85, 115, 114, 113, 110, 109, 107, 103, 102, 101, 100, 99, 98, 97, 92, 93, 94, 95, 96, 91, 90, 89, 88, 108, 111, 87, 86, 112, 116, 58, 57, 67, 68, 33, 32, 30, 29, 124, 123, 122, 121, 120, 119, 118, 156, 157, 158, 159, 174, 160, 161, 162, 163, 164, 165, 166, 167, 168, 169, 170, 171, 172, 105, 104, 106, 173, 181, 180, 175, 176, 150, 151, 155, 152, 154, 153, 128, 127, 20, 19, 18, 17, 16, 132, 131, 130, 129, 126, 125, 28, 27, 26, 25, 21, 24, 22, 23, 13, 12, 11, 10, 9, 7, 6, 8, 274, 273, 272, 271, 270, 15, 14, 269, 133, 134, 135, 136, 137, 138, 139, 140, 141, 142, 143, 144, 145, 146, 147, 148, 149, 177, 178, 179, 182, 183, 184, 186, 185, 188, 187, 189, 190, 191, 193, 194, 195, 196, 197, 198, 199, 200, 201, 202, 203, 204, 205, 206, 207, 208, 209, 210, 211, 212, 213, 214, 215, 216, 217, 218, 219, 220, 221, 222, 223, 224, 225, 226, 227, 228, 229, 250, 249, 246, 243, 240, 239, 238, 237, 230, 231, 232, 233, 234, 235, 236, 245, 244, 242, 241, 1, 279, 2, 278, 277, 3, 276, 275, 5, 4, 0, 247, 248, 255, 254, 251, 252, 253, 256, 257, 258, 259, 260, 261, 262, 263, 264, 265, 266, 267, 268, 31)
168
2984
---------------------------
3 -------- p654 SHE
Vector(194, 194, 190, 186, 182, 178, 174, 170, 166, 162, 158, 154, 150, 146, 142, 138, 134, 130, 126, 122, 118, 114, 110, 106, 107, 108, 109, 113, 112, 111, 115, 116, 117, 121, 120, 119, 123, 124, 125, 129, 128, 127, 131, 132, 133, 137, 136, 135, 139, 140, 141, 145, 144, 143, 147, 148, 149, 153, 152, 151, 155, 156, 157, 161, 160, 159, 163, 164, 165, 169, 168, 167, 171, 172, 173, 177, 176, 175, 179, 180, 181, 185, 184, 183, 187, 188, 189, 193, 192, 191, 195, 196, 197, 201, 200, 199, 198, 504, 503, 539, 559, 538, 525, 502, 501, 537, 557, 536, 524, 500, 499, 523, 498, 522, 553, 552, 551, 535, 521, 496, 495, 494, 493, 520, 492, 491, 490, 532, 533, 549, 550, 534, 548, 497, 554, 555, 556, 558, 1, 2, 3, 4, 5, 6, 7, 8, 9, 62, 63, 71, 70, 69, 67, 66, 65, 64, 68, 72, 104, 103, 102, 569, 544, 530, 515, 514, 529, 513, 528, 565, 564, 563, 543, 527, 511, 510, 509, 508, 526, 507, 506, 505, 540, 541, 561, 562, 542, 560, 512, 566, 567, 568, 545, 516, 517, 531, 546, 570, 547, 518, 519, 571, 205, 204, 203, 202, 206, 207, 208, 209, 213, 212, 211, 210, 214, 215, 216, 217, 221, 220, 219, 218, 222, 223, 224, 225, 229, 228, 227, 226, 230, 231, 232, 233, 237, 236, 235, 234, 238, 239, 240, 241, 245, 244, 243, 242, 246, 247, 248, 249, 253, 252, 251, 250, 254, 255, 256, 257, 261, 260, 259, 258, 262, 263, 264, 265, 269, 268, 267, 266, 270, 271, 272, 273, 277, 276, 275, 274, 278, 279, 280, 281, 285, 284, 283, 282, 286, 287, 288, 289, 293, 292, 291, 290, 294, 295, 296, 297, 105, 73, 76, 75, 78, 77, 74, 79, 82, 83, 84, 88, 87, 86, 85, 80, 81, 89, 92, 94, 95, 96, 97, 98, 99, 100, 101, 93, 90, 91, 10, 11, 12, 13, 61, 51, 50, 53, 52, 54, 55, 57, 58, 59, 60, 56, 49, 48, 47, 45, 43, 44, 42, 40, 39, 35, 36, 34, 29, 28, 27, 26, 24, 23, 20, 19, 25, 30, 31, 32, 33, 37, 38, 41, 46, 22, 21, 18, 17, 16, 14, 585, 621, 641, 586, 298, 299, 300, 301, 305, 304, 303, 302, 306, 307, 308, 309, 313, 312, 311, 310, 314, 315, 316, 317, 321, 320, 319, 318, 322, 323, 324, 325, 329, 328, 327, 326, 330, 331, 332, 333, 337, 336, 335, 334, 338, 339, 340, 341, 345, 344, 343, 342, 346, 347, 348, 349, 353, 352, 351, 350, 354, 355, 356, 357, 361, 360, 359, 358, 362, 363, 364, 365, 369, 368, 367, 366, 370, 371, 372, 373, 377, 376, 375, 374, 378, 379, 380, 381, 385, 384, 383, 382, 386, 387, 388, 389, 393, 392, 391, 390, 607, 620, 640, 619, 583, 584, 639, 618, 606, 582, 581, 605, 580, 604, 635, 634, 633, 617, 603, 578, 577, 576, 575, 602, 574, 573, 572, 614, 615, 631, 632, 616, 630, 579, 636, 637, 638, 15, 642, 622, 623, 608, 589, 588, 587, 643, 644, 624, 591, 590, 592, 593, 609, 625, 645, 646, 647, 610, 594, 595, 611, 648, 649, 650, 626, 612, 597, 596, 651, 627, 598, 599, 613, 628, 652, 629, 600, 601, 653, 397, 396, 395, 394, 398, 399, 400, 401, 405, 404, 403, 402, 406, 407, 408, 409, 413, 412, 411, 410, 414, 415, 416, 417, 421, 420, 419, 418, 422, 423, 424, 425, 429, 428, 427, 426, 430, 431, 432, 433, 437, 436, 435, 434, 438, 439, 440, 441, 445, 444, 443, 442, 446, 447, 448, 449, 453, 452, 451, 450, 454, 455, 456, 457, 461, 460, 459, 458, 462, 463, 464, 465, 469, 468, 467, 466, 470, 471, 472, 473, 477, 476, 475, 474, 478, 479, 480, 481, 485, 484, 483, 482, 486, 487, 488, 489)
21
45159
---------------------------
===========================================================00
3 -------- ch130 SCH
Vector(127, 104, 61, 111, 116, 38, 70, 40, 0, 129, 49, 1, 79, 45, 19, 117, 34, 53, 16, 33, 30, 26, 18, 99, 115, 94, 78, 86, 11, 80, 102, 76, 93, 109, 97, 67, 62, 47, 24, 31, 112, 35, 83, 118, 110, 122, 100, 81, 56, 8, 55, 64, 51, 74, 73, 98, 72, 91, 57, 48, 52, 119, 71, 90, 5, 101, 9, 13, 95, 66, 12, 77, 120, 125, 29, 58, 89, 124, 84, 65, 27, 114, 82, 2, 113, 107, 7, 17, 20, 32, 21, 36, 39, 46, 22, 121, 54, 59, 50, 41, 43, 92, 3, 105, 37, 23, 14, 28, 88, 42, 103, 126, 106, 69, 96, 6, 25, 87, 85, 68, 63, 123, 128, 60, 108, 75, 10, 4, 44, 15)
823
6439
---------------------------
3 -------- a280 SCH
Vector(54, 54, 45, 44, 43, 56, 55, 53, 46, 47, 48, 49, 50, 51, 52, 38, 37, 36, 35, 34, 39, 40, 41, 42, 59, 60, 117, 61, 62, 63, 64, 65, 66, 69, 70, 71, 72, 73, 74, 75, 76, 77, 78, 79, 80, 81, 82, 83, 84, 85, 115, 114, 113, 110, 109, 107, 103, 102, 101, 100, 99, 98, 97, 92, 93, 94, 95, 96, 91, 90, 89, 88, 108, 111, 87, 86, 112, 116, 58, 57, 67, 68, 33, 32, 30, 29, 124, 123, 122, 121, 120, 119, 118, 156, 157, 158, 159, 174, 160, 161, 162, 163, 164, 165, 166, 167, 168, 169, 170, 171, 172, 105, 104, 106, 173, 181, 180, 175, 176, 150, 151, 155, 152, 154, 153, 128, 127, 20, 19, 18, 17, 16, 132, 131, 130, 129, 126, 125, 28, 27, 26, 25, 21, 24, 22, 23, 13, 12, 11, 10, 9, 7, 6, 8, 274, 273, 272, 271, 270, 15, 14, 269, 133, 134, 135, 136, 137, 138, 139, 140, 141, 142, 143, 144, 145, 146, 147, 148, 149, 177, 178, 179, 182, 183, 184, 186, 185, 188, 187, 189, 190, 191, 193, 194, 195, 196, 197, 198, 199, 200, 201, 202, 203, 204, 205, 206, 207, 208, 209, 210, 211, 212, 213, 214, 215, 216, 217, 218, 219, 220, 221, 222, 223, 224, 225, 226, 227, 228, 229, 250, 249, 246, 243, 240, 239, 238, 237, 230, 231, 232, 233, 234, 235, 236, 245, 244, 242, 241, 1, 279, 2, 278, 277, 3, 276, 275, 5, 4, 0, 247, 248, 255, 254, 251, 252, 253, 256, 257, 258, 259, 260, 261, 262, 263, 264, 265, 266, 267, 268, 31)
84
2984
---------------------------
3 -------- p654 SCH
Vector(617, 633, 579, 636, 637, 638, 640, 619, 639, 618, 606, 582, 581, 605, 580, 604, 635, 634, 603, 578, 577, 576, 575, 602, 574, 573, 572, 614, 615, 631, 632, 616, 630, 15, 16, 14, 60, 59, 58, 57, 55, 54, 53, 52, 49, 48, 47, 45, 43, 44, 42, 40, 39, 35, 36, 34, 29, 28, 27, 26, 24, 23, 20, 19, 25, 30, 31, 32, 33, 37, 38, 41, 22, 21, 13, 61, 11, 10, 12, 8, 7, 6, 5, 9, 62, 63, 71, 70, 69, 67, 66, 65, 64, 68, 72, 104, 103, 102, 569, 544, 530, 515, 514, 529, 513, 528, 565, 564, 563, 543, 527, 511, 510, 509, 508, 526, 507, 506, 505, 540, 541, 561, 562, 542, 560, 512, 566, 567, 568, 545, 516, 517, 531, 546, 570, 547, 518, 519, 571, 205, 204, 203, 202, 206, 207, 208, 209, 213, 212, 211, 210, 214, 215, 216, 217, 221, 220, 219, 218, 222, 223, 224, 225, 229, 228, 227, 226, 230, 231, 232, 233, 237, 236, 235, 234, 238, 239, 240, 241, 245, 244, 248, 247, 251, 252, 253, 249, 257, 256, 255, 259, 260, 261, 265, 264, 263, 267, 266, 270, 271, 272, 268, 269, 273, 277, 276, 275, 274, 278, 279, 280, 281, 285, 284, 283, 282, 286, 287, 288, 289, 293, 292, 291, 296, 295, 294, 290, 297, 262, 258, 254, 250, 246, 242, 243, 105, 73, 76, 75, 78, 77, 74, 79, 82, 83, 84, 88, 87, 86, 85, 80, 81, 89, 92, 94, 95, 96, 97, 98, 99, 100, 101, 93, 90, 91, 201, 197, 193, 189, 185, 181, 177, 173, 169, 165, 161, 157, 153, 149, 145, 141, 137, 133, 129, 125, 122, 118, 114, 110, 106, 107, 108, 109, 113, 112, 111, 115, 116, 117, 121, 120, 119, 123, 124, 128, 127, 126, 130, 131, 132, 136, 135, 134, 138, 139, 140, 144, 143, 142, 146, 147, 148, 152, 151, 150, 154, 155, 156, 160, 159, 158, 162, 163, 164, 168, 167, 166, 170, 171, 172, 176, 175, 174, 178, 179, 180, 184, 183, 182, 186, 187, 188, 192, 191, 190, 194, 195, 196, 200, 199, 198, 504, 503, 539, 559, 538, 525, 502, 501, 537, 557, 536, 524, 500, 499, 523, 498, 522, 553, 552, 551, 497, 554, 555, 556, 558, 535, 521, 496, 495, 494, 493, 520, 549, 550, 534, 533, 532, 491, 490, 492, 548, 0, 1, 2, 3, 4, 56, 46, 51, 50, 18, 17, 587, 622, 623, 643, 644, 624, 642, 594, 648, 649, 650, 651, 627, 598, 599, 613, 628, 652, 629, 600, 601, 653, 397, 396, 395, 394, 398, 399, 400, 401, 405, 404, 403, 402, 406, 407, 408, 409, 413, 412, 411, 410, 414, 415, 416, 417, 421, 420, 419, 418, 422, 423, 424, 425, 429, 428, 427, 426, 430, 431, 432, 433, 437, 436, 435, 434, 438, 439, 440, 441, 445, 444, 447, 443, 442, 446, 457, 471, 467, 472, 468, 464, 465, 461, 469, 473, 477, 476, 480, 481, 485, 484, 483, 482, 478, 474, 470, 466, 462, 463, 479, 475, 487, 486, 488, 489, 460, 459, 458, 454, 455, 456, 452, 451, 450, 448, 449, 453, 626, 612, 597, 596, 611, 595, 610, 647, 646, 645, 625, 609, 593, 592, 591, 590, 608, 589, 588, 322, 318, 314, 310, 306, 302, 298, 299, 300, 301, 305, 304, 303, 307, 308, 309, 313, 312, 311, 315, 316, 317, 321, 320, 319, 323, 324, 325, 329, 328, 327, 326, 330, 331, 332, 333, 337, 336, 335, 334, 338, 339, 340, 341, 345, 344, 343, 342, 346, 347, 348, 349, 353, 352, 351, 350, 354, 355, 356, 357, 361, 360, 359, 358, 362, 363, 364, 365, 369, 368, 367, 366, 370, 371, 372, 373, 377, 376, 375, 374, 378, 379, 380, 381, 385, 384, 388, 387, 383, 382, 386, 390, 391, 392, 393, 389, 641, 586, 585, 621, 620, 607, 584, 583)
21
42218
---------------------------
