Ants
1 -------- ch130 SH
Vector(31, 112, 47, 24, 97, 67, 62, 69, 96, 25, 6, 87, 68, 63, 85, 123, 128, 60, 108, 75, 10, 4, 44, 15, 127, 104, 61, 111, 116, 82, 2, 113, 107, 7, 17, 45, 79, 117, 19, 92, 43, 41, 50, 59, 119, 52, 48, 57, 71, 90, 98, 73, 74, 51, 8, 56, 55, 64, 11, 86, 80, 102, 76, 93, 88, 109, 42, 103, 106, 126, 33, 16, 30, 26, 18, 99, 115, 23, 14, 28, 94, 78, 37, 105, 3, 34, 53, 1, 49, 129, 70, 38, 40, 0, 27, 114, 89, 124, 84, 65, 77, 120, 58, 29, 125, 20, 32, 21, 36, 46, 39, 22, 121, 54, 9, 13, 66, 95, 12, 5, 101, 91, 72, 81, 100, 122, 110, 118, 35, 83)
736
6794
---------------------------
1 -------- a280 SH
Vector(25, 21, 24, 22, 23, 13, 12, 11, 10, 9, 7, 6, 8, 274, 273, 272, 271, 270, 15, 16, 17, 18, 19, 20, 127, 126, 125, 124, 29, 30, 31, 28, 27, 26, 128, 129, 130, 131, 132, 133, 134, 135, 136, 137, 138, 139, 140, 141, 142, 143, 144, 145, 146, 147, 148, 149, 177, 150, 151, 155, 152, 154, 153, 121, 120, 119, 118, 156, 157, 158, 159, 174, 160, 161, 162, 163, 164, 165, 166, 167, 168, 100, 99, 98, 97, 92, 93, 94, 95, 96, 91, 90, 89, 88, 80, 79, 78, 75, 74, 73, 72, 71, 70, 69, 66, 65, 64, 63, 62, 61, 117, 60, 59, 42, 41, 40, 39, 38, 37, 36, 35, 34, 33, 32, 123, 122, 176, 175, 180, 179, 178, 181, 182, 183, 184, 186, 185, 188, 187, 189, 190, 191, 193, 194, 195, 196, 197, 198, 199, 200, 201, 202, 203, 204, 205, 206, 207, 208, 209, 210, 211, 212, 213, 214, 215, 216, 217, 218, 219, 220, 221, 222, 223, 224, 225, 226, 227, 228, 229, 250, 249, 246, 243, 240, 239, 238, 237, 230, 231, 232, 233, 234, 235, 236, 245, 244, 242, 241, 1, 279, 2, 278, 277, 3, 276, 275, 5, 4, 0, 247, 248, 255, 254, 251, 252, 253, 256, 257, 258, 259, 260, 261, 262, 263, 264, 265, 266, 267, 268, 269, 14, 192, 173, 172, 105, 104, 103, 102, 101, 169, 170, 171, 106, 107, 108, 109, 110, 111, 87, 82, 81, 83, 84, 85, 115, 114, 113, 112, 86, 116, 58, 43, 44, 45, 46, 47, 48, 49, 50, 51, 52, 53, 54, 55, 56, 57, 67, 68, 76, 77)
168
3235
---------------------------
1 -------- p654 SH
Vector(651, 626, 612, 597, 596, 611, 595, 610, 647, 646, 645, 625, 609, 593, 592, 591, 590, 608, 589, 588, 587, 622, 623, 643, 644, 624, 642, 594, 648, 649, 650, 627, 598, 599, 613, 628, 652, 629, 600, 601, 653, 397, 396, 395, 394, 398, 399, 400, 401, 405, 404, 403, 402, 406, 407, 408, 409, 413, 412, 411, 410, 414, 415, 416, 417, 421, 420, 419, 418, 422, 423, 424, 425, 429, 428, 427, 426, 430, 431, 432, 433, 437, 436, 435, 434, 438, 439, 440, 441, 445, 444, 443, 442, 446, 447, 448, 449, 453, 452, 451, 450, 454, 455, 456, 457, 461, 460, 459, 458, 462, 463, 464, 465, 469, 468, 467, 466, 470, 471, 472, 473, 477, 476, 475, 474, 478, 479, 480, 481, 485, 484, 483, 482, 486, 487, 488, 489, 20, 19, 23, 25, 24, 26, 27, 30, 31, 32, 33, 37, 38, 41, 43, 44, 45, 47, 48, 50, 53, 52, 54, 55, 57, 58, 59, 60, 56, 51, 46, 42, 40, 39, 35, 36, 34, 29, 28, 22, 21, 49, 18, 17, 16, 14, 61, 13, 12, 10, 11, 8, 7, 6, 5, 9, 62, 63, 71, 70, 69, 67, 66, 65, 64, 68, 72, 104, 103, 102, 569, 544, 530, 515, 514, 529, 513, 528, 565, 564, 563, 543, 527, 511, 510, 509, 508, 526, 507, 506, 505, 540, 541, 561, 562, 542, 560, 512, 566, 567, 568, 545, 516, 517, 531, 546, 570, 547, 518, 519, 571, 205, 204, 203, 202, 206, 207, 208, 209, 213, 212, 211, 210, 214, 215, 216, 217, 221, 220, 219, 218, 222, 223, 224, 225, 229, 228, 227, 226, 230, 231, 232, 233, 237, 236, 235, 234, 238, 239, 240, 241, 245, 244, 243, 242, 246, 247, 248, 249, 253, 252, 251, 250, 254, 255, 256, 257, 261, 260, 259, 258, 262, 263, 264, 265, 269, 268, 267, 266, 270, 271, 272, 273, 277, 276, 275, 274, 278, 279, 280, 281, 285, 284, 283, 282, 286, 287, 288, 289, 293, 292, 291, 290, 294, 295, 296, 297, 105, 73, 76, 75, 78, 77, 74, 79, 82, 83, 84, 88, 87, 86, 85, 80, 81, 89, 92, 94, 95, 96, 97, 98, 99, 100, 101, 93, 90, 91, 201, 197, 193, 189, 185, 181, 177, 173, 169, 165, 161, 157, 153, 149, 145, 141, 137, 133, 129, 125, 121, 117, 113, 109, 108, 107, 106, 110, 111, 112, 116, 115, 114, 118, 119, 120, 124, 123, 122, 126, 127, 128, 132, 131, 130, 134, 135, 136, 140, 139, 138, 142, 143, 144, 148, 147, 146, 150, 151, 152, 156, 155, 154, 158, 159, 160, 164, 163, 162, 166, 167, 168, 172, 171, 170, 174, 175, 176, 180, 179, 178, 182, 183, 184, 188, 187, 186, 190, 191, 192, 196, 195, 194, 198, 199, 200, 559, 504, 503, 539, 538, 525, 502, 501, 537, 557, 536, 524, 500, 499, 523, 498, 522, 553, 552, 551, 535, 521, 496, 495, 494, 493, 520, 492, 491, 490, 532, 533, 549, 550, 534, 548, 497, 554, 555, 556, 558, 1, 2, 3, 4, 0, 15, 572, 573, 574, 602, 615, 614, 630, 631, 632, 616, 576, 575, 577, 578, 603, 617, 633, 634, 635, 604, 579, 580, 605, 636, 637, 638, 618, 606, 582, 581, 639, 619, 583, 584, 607, 620, 640, 621, 585, 586, 641, 301, 300, 299, 298, 302, 303, 304, 305, 309, 308, 307, 306, 310, 311, 312, 313, 317, 316, 315, 314, 318, 319, 320, 321, 325, 324, 323, 322, 326, 327, 328, 329, 333, 332, 331, 330, 334, 335, 336, 337, 341, 340, 339, 338, 342, 343, 344, 345, 349, 348, 347, 346, 350, 351, 352, 353, 357, 356, 355, 354, 358, 359, 360, 361, 365, 364, 363, 362, 366, 367, 368, 369, 373, 372, 371, 370, 374, 375, 376, 377, 381, 380, 379, 378, 382, 383, 384, 385, 389, 388, 387, 386, 390, 391, 392, 393)
21
43701
---------------------------
===========================================================00
1 -------- ch130 SHE
Vector(24, 47, 42, 103, 106, 126, 63, 68, 87, 85, 10, 4, 111, 116, 38, 70, 40, 0, 129, 49, 1, 117, 79, 45, 19, 34, 53, 16, 30, 33, 26, 18, 99, 115, 23, 14, 28, 94, 78, 37, 105, 3, 92, 21, 36, 46, 39, 22, 95, 66, 12, 13, 9, 121, 54, 5, 101, 90, 71, 48, 57, 52, 119, 50, 59, 41, 43, 32, 20, 17, 7, 107, 125, 113, 2, 82, 29, 58, 120, 77, 89, 124, 84, 65, 27, 114, 61, 104, 127, 15, 44, 75, 108, 60, 128, 123, 25, 96, 69, 6, 62, 67, 97, 109, 88, 93, 76, 102, 80, 11, 86, 91, 98, 72, 73, 74, 51, 8, 56, 55, 64, 81, 100, 122, 110, 118, 112, 31, 35, 83)
708
6846
---------------------------
1 -------- a280 SHE
Vector(25, 25, 21, 24, 22, 23, 13, 12, 11, 10, 9, 7, 6, 8, 274, 273, 272, 271, 270, 15, 16, 17, 18, 19, 20, 127, 126, 125, 124, 29, 30, 31, 28, 27, 26, 128, 129, 130, 131, 132, 133, 134, 135, 136, 137, 138, 139, 140, 141, 142, 143, 144, 145, 146, 147, 148, 149, 177, 150, 151, 155, 152, 154, 153, 121, 120, 119, 118, 156, 157, 158, 159, 174, 160, 161, 162, 163, 164, 165, 166, 167, 168, 100, 99, 98, 97, 92, 93, 94, 95, 96, 91, 90, 89, 88, 80, 79, 78, 75, 74, 73, 72, 71, 70, 69, 66, 65, 64, 63, 62, 61, 117, 60, 59, 42, 41, 40, 39, 38, 37, 36, 35, 34, 33, 32, 123, 122, 176, 175, 180, 179, 178, 181, 182, 183, 184, 186, 185, 188, 187, 189, 190, 191, 193, 194, 195, 196, 197, 198, 199, 200, 201, 202, 203, 204, 205, 206, 207, 208, 209, 210, 211, 212, 213, 214, 215, 216, 217, 218, 219, 220, 221, 222, 223, 224, 225, 226, 227, 228, 229, 250, 249, 246, 243, 240, 239, 238, 237, 230, 231, 232, 233, 234, 235, 236, 245, 244, 242, 241, 1, 279, 2, 278, 277, 3, 276, 275, 5, 4, 0, 247, 248, 255, 254, 251, 252, 253, 256, 257, 258, 259, 260, 261, 262, 263, 264, 265, 266, 267, 268, 269, 14, 192, 173, 172, 105, 104, 103, 102, 101, 169, 170, 171, 106, 107, 108, 109, 110, 111, 87, 82, 81, 83, 84, 85, 115, 114, 113, 112, 86, 116, 58, 43, 44, 45, 46, 47, 48, 49, 50, 51, 52, 53, 54, 55, 56, 57, 67, 68, 76)
165
3221
---------------------------
1 -------- p654 SHE
Vector(624, 591, 590, 608, 589, 588, 587, 622, 623, 643, 644, 642, 594, 610, 647, 646, 645, 625, 609, 593, 592, 596, 611, 595, 648, 649, 650, 626, 612, 597, 651, 627, 598, 599, 613, 628, 652, 629, 600, 601, 653, 397, 396, 395, 394, 398, 399, 400, 401, 405, 404, 403, 402, 406, 407, 408, 409, 413, 412, 411, 410, 414, 415, 416, 417, 421, 420, 419, 418, 422, 423, 424, 425, 429, 428, 427, 426, 430, 431, 432, 433, 437, 436, 435, 434, 438, 439, 440, 441, 445, 444, 443, 442, 446, 447, 448, 449, 453, 452, 451, 450, 454, 455, 456, 457, 461, 460, 459, 458, 462, 463, 464, 465, 469, 468, 467, 466, 470, 471, 472, 473, 477, 476, 475, 474, 478, 479, 480, 481, 485, 484, 483, 482, 486, 487, 488, 489, 20, 19, 23, 25, 24, 26, 27, 30, 31, 32, 33, 37, 38, 41, 43, 44, 45, 47, 48, 51, 46, 42, 40, 39, 35, 36, 34, 29, 28, 22, 21, 49, 52, 54, 55, 57, 58, 59, 60, 56, 53, 50, 61, 13, 12, 10, 11, 8, 7, 5, 6, 9, 62, 63, 71, 70, 69, 67, 66, 65, 64, 68, 72, 104, 103, 102, 569, 544, 530, 515, 514, 529, 513, 528, 565, 564, 563, 543, 527, 511, 510, 509, 508, 526, 507, 506, 505, 540, 541, 561, 562, 542, 560, 512, 566, 567, 568, 545, 516, 517, 531, 546, 570, 547, 518, 519, 571, 205, 204, 203, 202, 206, 207, 208, 209, 213, 212, 211, 210, 214, 215, 216, 217, 221, 220, 219, 218, 222, 223, 224, 225, 229, 228, 227, 226, 230, 231, 232, 233, 237, 236, 235, 234, 238, 239, 240, 241, 245, 244, 243, 242, 246, 247, 248, 249, 253, 252, 251, 250, 254, 255, 256, 257, 261, 260, 259, 258, 262, 263, 264, 265, 269, 268, 267, 266, 270, 271, 272, 273, 277, 276, 275, 274, 278, 279, 280, 281, 285, 284, 283, 282, 286, 287, 288, 289, 293, 292, 291, 290, 294, 295, 296, 297, 105, 73, 76, 75, 78, 77, 74, 79, 82, 83, 84, 88, 87, 86, 85, 80, 81, 89, 92, 94, 95, 96, 97, 98, 99, 100, 101, 93, 90, 91, 201, 197, 193, 189, 185, 181, 177, 173, 169, 165, 161, 157, 153, 149, 145, 141, 137, 133, 129, 125, 121, 117, 113, 109, 108, 107, 106, 110, 111, 112, 116, 115, 114, 118, 119, 120, 124, 123, 122, 126, 127, 128, 132, 131, 130, 134, 135, 136, 140, 139, 138, 142, 143, 144, 148, 147, 146, 150, 151, 152, 156, 155, 154, 158, 159, 160, 164, 163, 162, 166, 167, 168, 172, 171, 170, 174, 175, 176, 180, 179, 178, 182, 183, 184, 188, 187, 186, 190, 191, 192, 196, 195, 194, 198, 199, 200, 559, 504, 503, 539, 538, 525, 502, 501, 537, 557, 536, 524, 500, 499, 523, 498, 522, 553, 552, 551, 535, 521, 496, 495, 494, 493, 520, 492, 491, 490, 532, 533, 549, 550, 534, 548, 497, 554, 555, 556, 558, 1, 2, 3, 4, 0, 15, 572, 573, 574, 602, 615, 614, 630, 631, 632, 616, 576, 575, 577, 578, 603, 617, 633, 634, 635, 604, 579, 580, 605, 636, 637, 638, 618, 606, 582, 581, 639, 619, 583, 584, 607, 620, 640, 621, 585, 586, 641, 301, 300, 299, 298, 302, 303, 304, 305, 309, 308, 307, 306, 310, 311, 312, 313, 317, 316, 315, 314, 318, 319, 320, 321, 325, 324, 323, 322, 326, 327, 328, 329, 333, 332, 331, 330, 334, 335, 336, 337, 341, 340, 339, 338, 342, 343, 344, 345, 349, 348, 347, 346, 350, 351, 352, 353, 357, 356, 355, 354, 358, 359, 360, 361, 365, 364, 363, 362, 366, 367, 368, 369, 373, 372, 371, 370, 374, 375, 376, 377, 381, 380, 379, 378, 385, 389, 388, 387, 386, 390, 391, 392, 393, 383, 384, 382, 16, 14, 17, 18)
21
43432
---------------------------
===========================================================00
1 -------- ch130 SCH
Vector(79, 45, 17, 7, 107, 113, 2, 82, 29, 58, 114, 27, 124, 89, 84, 65, 77, 120, 125, 20, 32, 92, 21, 36, 39, 46, 22, 121, 54, 12, 66, 95, 13, 9, 101, 5, 90, 71, 48, 57, 52, 119, 59, 50, 41, 43, 3, 34, 53, 16, 30, 33, 26, 18, 99, 115, 23, 14, 28, 88, 93, 76, 102, 80, 86, 11, 94, 78, 37, 105, 91, 72, 98, 73, 74, 51, 8, 56, 55, 64, 81, 100, 122, 110, 118, 83, 35, 31, 112, 24, 47, 62, 67, 97, 109, 42, 103, 126, 106, 69, 96, 25, 6, 85, 87, 68, 63, 123, 128, 60, 108, 75, 10, 4, 44, 15, 127, 104, 61, 111, 116, 38, 70, 40, 0, 129, 49, 1, 117, 19)
902
6395
---------------------------
1 -------- a280 SCH
Vector(67, 68, 69, 70, 71, 72, 73, 74, 75, 76, 77, 78, 79, 89, 90, 91, 92, 93, 94, 95, 96, 97, 98, 99, 100, 101, 102, 103, 104, 105, 106, 172, 173, 160, 161, 162, 163, 164, 165, 166, 167, 168, 169, 170, 171, 107, 108, 88, 80, 81, 82, 83, 84, 85, 115, 114, 113, 110, 109, 111, 87, 86, 112, 116, 174, 159, 158, 157, 156, 118, 119, 120, 121, 122, 123, 124, 29, 30, 31, 28, 19, 18, 17, 16, 132, 131, 130, 129, 20, 127, 126, 125, 128, 153, 154, 152, 155, 151, 150, 176, 175, 180, 178, 179, 181, 182, 183, 184, 186, 185, 188, 187, 189, 190, 191, 193, 194, 195, 196, 197, 198, 145, 142, 141, 140, 139, 138, 137, 136, 135, 134, 133, 269, 268, 267, 266, 265, 264, 263, 262, 261, 260, 259, 258, 257, 256, 253, 252, 207, 206, 209, 208, 251, 254, 255, 248, 247, 246, 243, 240, 239, 238, 237, 230, 231, 232, 233, 234, 235, 236, 245, 244, 242, 241, 1, 279, 2, 278, 277, 3, 276, 275, 274, 273, 272, 271, 270, 15, 14, 12, 11, 10, 9, 7, 6, 8, 5, 4, 0, 249, 250, 229, 228, 227, 226, 225, 224, 223, 222, 221, 218, 217, 214, 213, 210, 211, 212, 215, 216, 219, 220, 202, 201, 199, 143, 144, 146, 147, 148, 149, 177, 192, 200, 203, 204, 205, 13, 23, 22, 24, 21, 25, 26, 27, 32, 33, 54, 55, 56, 57, 58, 43, 44, 45, 46, 53, 52, 47, 48, 49, 50, 51, 37, 36, 35, 34, 38, 39, 40, 41, 42, 59, 60, 117, 61, 62, 63, 64, 65, 66)
83
3052
---------------------------
1 -------- p654 SCH
Vector(26, 24, 23, 20, 19, 25, 22, 21, 37, 38, 41, 43, 44, 45, 47, 48, 50, 53, 52, 54, 55, 57, 58, 59, 60, 56, 51, 49, 18, 17, 16, 14, 378, 379, 383, 382, 386, 387, 388, 389, 393, 392, 391, 390, 384, 380, 381, 385, 377, 376, 375, 374, 370, 371, 372, 373, 369, 368, 367, 366, 362, 363, 364, 365, 361, 360, 359, 358, 354, 355, 356, 357, 353, 352, 351, 350, 346, 347, 348, 349, 345, 344, 343, 342, 338, 339, 340, 341, 337, 336, 335, 334, 330, 331, 332, 333, 329, 328, 327, 326, 322, 323, 324, 325, 321, 320, 319, 318, 314, 315, 316, 317, 313, 312, 311, 310, 306, 307, 308, 309, 305, 304, 303, 302, 298, 299, 300, 301, 641, 586, 585, 621, 620, 640, 583, 584, 607, 619, 639, 618, 638, 637, 636, 605, 580, 581, 606, 582, 604, 635, 634, 633, 617, 603, 578, 577, 576, 575, 602, 574, 573, 572, 614, 615, 631, 632, 616, 630, 579, 15, 642, 622, 623, 608, 589, 588, 587, 643, 644, 624, 591, 590, 592, 593, 609, 625, 645, 646, 647, 610, 594, 595, 611, 648, 649, 650, 626, 612, 597, 596, 651, 627, 598, 599, 613, 628, 652, 629, 600, 601, 653, 397, 396, 395, 394, 398, 399, 400, 401, 405, 404, 403, 402, 406, 407, 408, 409, 413, 412, 411, 410, 414, 415, 416, 417, 421, 420, 419, 418, 422, 423, 424, 425, 429, 428, 427, 426, 430, 431, 432, 433, 437, 436, 435, 434, 438, 439, 440, 441, 445, 444, 443, 442, 446, 447, 448, 449, 453, 452, 451, 450, 454, 455, 456, 457, 461, 460, 459, 458, 462, 463, 464, 465, 469, 468, 467, 466, 470, 471, 472, 473, 477, 476, 475, 474, 478, 479, 480, 481, 485, 484, 483, 482, 486, 487, 489, 488, 103, 102, 3, 4, 2, 1, 0, 548, 532, 533, 520, 492, 491, 490, 549, 550, 534, 494, 493, 495, 496, 521, 535, 551, 552, 553, 522, 497, 498, 499, 524, 500, 536, 556, 555, 554, 523, 557, 537, 501, 502, 525, 538, 558, 539, 503, 504, 559, 109, 108, 107, 106, 110, 111, 112, 113, 117, 116, 115, 114, 118, 119, 120, 121, 125, 124, 123, 122, 126, 127, 128, 129, 133, 132, 131, 130, 134, 135, 136, 137, 141, 140, 139, 138, 142, 143, 144, 145, 149, 148, 147, 146, 150, 151, 152, 153, 157, 156, 155, 154, 158, 159, 160, 161, 165, 164, 163, 162, 166, 167, 168, 169, 173, 172, 171, 170, 174, 175, 176, 177, 181, 180, 179, 178, 182, 183, 184, 185, 189, 188, 187, 192, 193, 197, 196, 195, 194, 198, 199, 200, 201, 191, 190, 186, 101, 99, 100, 98, 97, 96, 95, 94, 91, 90, 93, 88, 84, 83, 82, 79, 78, 77, 74, 75, 76, 73, 81, 85, 86, 87, 80, 89, 92, 560, 540, 541, 526, 507, 506, 505, 561, 562, 542, 509, 508, 510, 511, 527, 543, 563, 564, 528, 565, 512, 513, 529, 566, 567, 568, 544, 530, 515, 514, 569, 545, 516, 517, 531, 546, 570, 547, 518, 519, 571, 205, 204, 203, 202, 206, 207, 208, 209, 213, 212, 211, 210, 214, 215, 216, 217, 221, 220, 219, 218, 222, 223, 224, 225, 229, 228, 227, 226, 230, 231, 232, 233, 237, 236, 235, 234, 238, 239, 240, 241, 245, 244, 243, 242, 246, 247, 248, 249, 253, 252, 251, 250, 254, 255, 256, 257, 261, 260, 259, 258, 262, 263, 264, 265, 269, 268, 267, 266, 270, 271, 272, 273, 277, 276, 275, 274, 278, 279, 280, 281, 285, 284, 283, 282, 286, 290, 291, 287, 288, 289, 293, 292, 296, 297, 295, 294, 105, 104, 72, 71, 70, 69, 67, 65, 66, 68, 64, 62, 63, 9, 8, 7, 6, 5, 12, 10, 11, 61, 13, 46, 42, 40, 39, 35, 36, 34, 29, 28, 31, 32, 33, 30, 27)
21
41826
---------------------------
