Ants
2 -------- ch130 SH
Vector(103, 106, 126, 33, 16, 30, 99, 26, 18, 14, 28, 23, 115, 94, 78, 11, 86, 80, 102, 76, 93, 88, 109, 97, 67, 62, 69, 96, 25, 6, 87, 68, 63, 85, 123, 128, 60, 108, 75, 10, 4, 44, 15, 127, 104, 61, 111, 116, 38, 70, 40, 0, 129, 49, 1, 117, 79, 45, 19, 17, 107, 7, 113, 2, 82, 29, 58, 120, 77, 89, 124, 84, 65, 27, 114, 125, 20, 32, 92, 36, 21, 46, 39, 22, 121, 54, 50, 59, 119, 52, 57, 48, 71, 90, 5, 101, 13, 9, 66, 95, 12, 41, 43, 3, 34, 53, 105, 37, 91, 72, 98, 73, 74, 51, 8, 56, 55, 64, 81, 100, 122, 110, 118, 35, 83, 31, 112, 24, 47, 42)
709
6607
---------------------------
2 -------- a280 SH
Vector(68, 67, 66, 69, 70, 71, 72, 73, 74, 75, 76, 77, 78, 79, 80, 81, 82, 83, 84, 64, 63, 62, 61, 117, 60, 59, 42, 41, 40, 39, 38, 37, 36, 35, 34, 33, 32, 30, 29, 124, 123, 122, 121, 120, 119, 118, 156, 157, 158, 159, 174, 160, 161, 162, 163, 164, 165, 166, 167, 168, 100, 99, 98, 97, 92, 93, 94, 95, 96, 91, 90, 89, 88, 108, 107, 103, 102, 101, 169, 170, 171, 172, 105, 104, 106, 173, 109, 110, 111, 87, 86, 112, 113, 114, 115, 85, 65, 57, 56, 43, 44, 45, 46, 47, 48, 49, 50, 51, 52, 53, 54, 55, 58, 116, 150, 151, 155, 152, 154, 153, 128, 127, 20, 19, 18, 17, 16, 132, 131, 130, 129, 126, 125, 28, 27, 26, 25, 21, 24, 22, 23, 13, 12, 11, 10, 9, 7, 6, 8, 274, 273, 272, 271, 270, 15, 14, 269, 133, 134, 135, 136, 137, 138, 139, 140, 141, 142, 143, 144, 145, 146, 147, 148, 149, 177, 176, 175, 180, 179, 178, 181, 182, 183, 184, 186, 185, 188, 187, 189, 190, 191, 193, 194, 195, 196, 197, 198, 199, 200, 201, 202, 203, 204, 205, 206, 207, 208, 209, 210, 211, 212, 213, 214, 215, 216, 217, 218, 219, 220, 221, 222, 223, 224, 225, 226, 227, 228, 229, 250, 249, 246, 243, 240, 239, 238, 237, 230, 231, 232, 233, 234, 235, 236, 245, 244, 242, 241, 1, 279, 2, 278, 277, 3, 276, 275, 5, 4, 0, 247, 248, 255, 254, 251, 252, 253, 256, 257, 258, 259, 260, 261, 262, 263, 264, 265, 266, 267, 268, 31, 192)
164
3200
---------------------------
2 -------- p654 SH
Vector(292, 288, 284, 280, 276, 272, 268, 264, 260, 256, 252, 248, 244, 240, 236, 232, 228, 224, 220, 216, 212, 208, 204, 203, 202, 206, 207, 211, 210, 214, 215, 219, 218, 222, 223, 227, 226, 230, 231, 235, 234, 238, 239, 243, 242, 246, 247, 251, 250, 254, 255, 259, 258, 262, 263, 267, 266, 270, 271, 275, 274, 278, 279, 283, 282, 286, 287, 291, 290, 294, 295, 296, 297, 293, 289, 285, 281, 277, 273, 269, 265, 261, 257, 253, 249, 245, 241, 237, 233, 229, 225, 221, 217, 213, 209, 205, 571, 519, 518, 547, 546, 531, 517, 516, 545, 569, 544, 530, 515, 514, 529, 513, 528, 565, 564, 563, 543, 527, 511, 510, 509, 508, 526, 507, 506, 505, 540, 541, 561, 562, 542, 560, 512, 566, 567, 568, 570, 102, 103, 104, 72, 71, 70, 69, 67, 66, 65, 64, 68, 62, 63, 9, 8, 7, 6, 5, 12, 10, 11, 61, 13, 46, 42, 40, 39, 35, 36, 34, 29, 28, 27, 26, 24, 23, 20, 19, 25, 30, 31, 32, 33, 37, 38, 41, 43, 44, 45, 47, 48, 50, 53, 52, 54, 55, 57, 58, 59, 60, 56, 51, 49, 18, 17, 22, 21, 587, 588, 589, 608, 623, 622, 642, 643, 644, 624, 591, 590, 592, 593, 609, 625, 645, 646, 647, 610, 594, 595, 611, 648, 649, 650, 626, 612, 597, 596, 651, 627, 598, 599, 613, 628, 652, 629, 600, 601, 653, 397, 396, 395, 394, 398, 399, 400, 401, 405, 404, 403, 402, 406, 407, 408, 409, 413, 412, 411, 410, 414, 415, 416, 417, 421, 420, 419, 418, 422, 423, 424, 425, 429, 428, 427, 426, 430, 431, 432, 433, 437, 436, 435, 434, 438, 439, 440, 441, 445, 444, 443, 442, 446, 447, 448, 449, 453, 452, 451, 450, 454, 455, 456, 457, 461, 460, 459, 458, 462, 463, 464, 465, 469, 468, 467, 466, 470, 471, 472, 473, 477, 476, 475, 474, 478, 479, 480, 481, 485, 484, 483, 482, 486, 487, 488, 489, 390, 386, 382, 378, 374, 370, 366, 362, 358, 354, 350, 346, 342, 338, 334, 330, 326, 322, 318, 314, 310, 306, 302, 298, 299, 300, 301, 305, 304, 303, 307, 308, 309, 313, 312, 311, 315, 316, 317, 321, 320, 319, 323, 324, 325, 329, 328, 327, 331, 332, 333, 337, 336, 335, 339, 340, 341, 345, 344, 343, 347, 348, 349, 353, 352, 351, 355, 356, 357, 361, 360, 359, 363, 364, 365, 369, 368, 367, 371, 372, 373, 377, 376, 375, 379, 380, 381, 385, 384, 383, 387, 388, 389, 393, 392, 391, 586, 585, 621, 641, 620, 607, 584, 583, 619, 639, 618, 606, 582, 581, 605, 580, 604, 635, 634, 633, 617, 603, 578, 577, 576, 575, 602, 574, 573, 572, 614, 615, 631, 632, 616, 630, 579, 636, 637, 638, 640, 15, 16, 14, 4, 3, 2, 1, 557, 536, 524, 500, 499, 523, 498, 522, 553, 552, 551, 535, 521, 496, 495, 494, 493, 520, 492, 491, 490, 532, 533, 549, 550, 534, 548, 497, 554, 555, 556, 537, 501, 502, 525, 538, 558, 539, 503, 504, 559, 109, 108, 107, 106, 110, 111, 112, 113, 117, 116, 115, 114, 118, 119, 120, 121, 125, 124, 123, 122, 126, 127, 128, 129, 133, 132, 131, 130, 134, 135, 136, 137, 141, 140, 139, 138, 142, 143, 144, 145, 149, 148, 147, 146, 150, 151, 152, 153, 157, 156, 155, 154, 158, 159, 160, 161, 165, 164, 163, 162, 166, 167, 168, 169, 173, 172, 171, 170, 174, 175, 176, 177, 181, 180, 179, 178, 182, 183, 184, 185, 189, 188, 187, 186, 190, 191, 192, 193, 197, 196, 195, 194, 198, 199, 200, 201, 101, 99, 100, 98, 97, 96, 95, 94, 91, 90, 93, 88, 84, 83, 82, 79, 78, 77, 74, 75, 76, 73, 81, 85, 86, 87, 80, 89, 92, 105, 0)
20
47999
---------------------------
===========================================================00
2 -------- ch130 SHE
Vector(50, 41, 43, 39, 46, 36, 21, 22, 121, 54, 92, 19, 45, 17, 7, 107, 113, 2, 82, 29, 58, 120, 77, 89, 124, 84, 65, 27, 114, 61, 104, 111, 127, 15, 44, 75, 108, 60, 10, 4, 63, 68, 87, 85, 128, 123, 25, 96, 69, 6, 62, 67, 97, 109, 88, 93, 76, 102, 80, 11, 86, 37, 94, 78, 115, 23, 14, 28, 99, 18, 26, 30, 16, 33, 42, 103, 106, 126, 47, 24, 31, 112, 35, 83, 118, 110, 122, 100, 81, 56, 8, 55, 64, 51, 74, 73, 98, 72, 91, 71, 90, 5, 101, 13, 9, 66, 95, 12, 32, 20, 125, 116, 38, 70, 40, 0, 129, 49, 1, 117, 79, 34, 53, 3, 105, 57, 48, 52, 119, 59)
699
6861
---------------------------
2 -------- a280 SHE
Vector(68, 68, 67, 66, 69, 70, 71, 72, 73, 74, 75, 76, 77, 78, 79, 80, 81, 82, 83, 84, 64, 63, 62, 61, 117, 60, 59, 42, 41, 40, 39, 38, 37, 36, 35, 34, 33, 32, 30, 29, 124, 123, 122, 121, 120, 119, 118, 156, 157, 158, 159, 174, 160, 161, 162, 163, 164, 165, 166, 167, 168, 100, 99, 98, 97, 92, 93, 94, 95, 96, 91, 90, 89, 88, 108, 107, 103, 102, 101, 169, 170, 171, 172, 105, 104, 106, 173, 109, 110, 111, 87, 86, 112, 113, 114, 115, 85, 65, 57, 56, 43, 44, 45, 46, 47, 48, 49, 50, 51, 52, 53, 54, 55, 58, 116, 150, 151, 155, 152, 154, 153, 128, 127, 20, 19, 18, 17, 16, 132, 131, 130, 129, 126, 125, 28, 27, 26, 25, 21, 24, 22, 23, 13, 12, 11, 10, 9, 7, 6, 8, 274, 273, 272, 271, 270, 15, 14, 269, 133, 134, 135, 136, 137, 138, 139, 140, 141, 142, 143, 144, 145, 146, 147, 148, 149, 177, 176, 175, 180, 179, 178, 181, 182, 183, 184, 186, 185, 188, 187, 189, 190, 191, 193, 194, 195, 196, 197, 198, 199, 200, 201, 202, 203, 204, 205, 206, 207, 208, 209, 210, 211, 212, 213, 214, 215, 216, 217, 218, 219, 220, 221, 222, 223, 224, 225, 226, 227, 228, 229, 250, 249, 246, 243, 240, 239, 238, 237, 230, 231, 232, 233, 234, 235, 236, 245, 244, 242, 241, 1, 279, 2, 278, 277, 3, 276, 275, 5, 4, 0, 247, 248, 255, 254, 251, 252, 253, 256, 257, 258, 259, 260, 261, 262, 263, 264, 265, 266, 267, 268, 31)
170
2990
---------------------------
2 -------- p654 SHE
Vector(292, 292, 288, 284, 280, 276, 272, 268, 264, 260, 256, 252, 248, 244, 240, 236, 232, 228, 224, 220, 216, 212, 208, 204, 203, 202, 206, 207, 211, 210, 214, 215, 219, 218, 222, 223, 227, 226, 230, 231, 235, 234, 238, 239, 243, 242, 246, 247, 251, 250, 254, 255, 259, 258, 262, 263, 267, 266, 270, 271, 275, 274, 278, 279, 283, 282, 286, 287, 291, 290, 294, 295, 296, 297, 293, 289, 285, 281, 277, 273, 269, 265, 261, 257, 253, 249, 245, 241, 237, 233, 229, 225, 221, 217, 213, 209, 205, 571, 519, 518, 547, 546, 531, 517, 516, 545, 569, 544, 530, 515, 514, 529, 513, 528, 565, 564, 563, 543, 527, 511, 510, 509, 508, 526, 507, 506, 505, 540, 541, 561, 562, 542, 560, 512, 566, 567, 568, 570, 102, 103, 104, 72, 71, 70, 69, 67, 66, 65, 64, 68, 62, 63, 9, 8, 7, 6, 5, 12, 10, 11, 61, 13, 46, 42, 40, 39, 35, 36, 34, 29, 28, 27, 26, 24, 23, 20, 19, 25, 30, 31, 32, 33, 37, 38, 41, 43, 44, 45, 47, 48, 50, 53, 52, 54, 55, 57, 58, 59, 60, 56, 51, 49, 18, 17, 22, 21, 587, 588, 589, 608, 623, 622, 642, 643, 644, 624, 591, 590, 592, 593, 609, 625, 645, 646, 647, 610, 594, 595, 611, 648, 649, 650, 626, 612, 597, 596, 651, 627, 598, 599, 613, 628, 652, 629, 600, 601, 653, 397, 396, 395, 394, 398, 399, 400, 401, 405, 404, 403, 402, 406, 407, 408, 409, 413, 412, 411, 410, 414, 415, 416, 417, 421, 420, 419, 418, 422, 423, 424, 425, 429, 428, 427, 426, 430, 431, 432, 433, 437, 436, 435, 434, 438, 439, 440, 441, 445, 444, 443, 442, 446, 447, 448, 449, 453, 452, 451, 450, 454, 455, 456, 457, 461, 460, 459, 458, 462, 463, 464, 465, 469, 468, 467, 466, 470, 471, 472, 473, 477, 476, 475, 474, 478, 479, 480, 481, 485, 484, 483, 482, 486, 487, 488, 489, 390, 386, 382, 378, 374, 370, 366, 362, 358, 354, 350, 346, 342, 338, 334, 330, 326, 322, 318, 314, 310, 306, 302, 298, 299, 300, 301, 305, 304, 303, 307, 308, 309, 313, 312, 311, 315, 316, 317, 321, 320, 319, 323, 324, 325, 329, 328, 327, 331, 332, 333, 337, 336, 335, 339, 340, 341, 345, 344, 343, 347, 348, 349, 353, 352, 351, 355, 356, 357, 361, 360, 359, 363, 364, 365, 369, 368, 367, 371, 372, 373, 377, 376, 375, 379, 380, 381, 385, 384, 383, 387, 388, 389, 393, 392, 391, 586, 585, 621, 641, 620, 607, 584, 583, 619, 639, 618, 606, 582, 581, 605, 580, 604, 635, 634, 633, 617, 603, 578, 577, 576, 575, 602, 574, 573, 572, 614, 615, 631, 632, 616, 630, 579, 636, 637, 638, 640, 15, 16, 14, 4, 3, 2, 1, 557, 536, 524, 500, 499, 523, 498, 522, 553, 552, 551, 535, 521, 496, 495, 494, 493, 520, 492, 491, 490, 532, 533, 549, 550, 534, 548, 497, 554, 555, 556, 537, 501, 502, 525, 538, 558, 539, 503, 504, 559, 109, 108, 107, 106, 110, 111, 112, 113, 117, 116, 115, 114, 118, 119, 120, 121, 125, 124, 123, 122, 126, 127, 128, 129, 133, 132, 131, 130, 134, 135, 136, 137, 141, 140, 139, 138, 142, 143, 144, 145, 149, 148, 147, 146, 150, 151, 152, 153, 157, 156, 155, 154, 158, 159, 160, 161, 165, 164, 163, 162, 166, 167, 168, 169, 173, 172, 171, 170, 174, 175, 176, 177, 181, 180, 179, 178, 182, 183, 184, 185, 189, 188, 187, 186, 190, 191, 192, 193, 197, 196, 195, 194, 198, 199, 200, 201, 101, 99, 100, 98, 97, 96, 95, 94, 91, 90, 93, 88, 84, 83, 82, 79, 78, 77, 74, 75, 76, 73, 81, 85, 86, 87, 80, 89, 92, 105)
21
39966
---------------------------
===========================================================00
2 -------- ch130 SCH
Vector(28, 14, 18, 26, 99, 115, 23, 94, 78, 37, 105, 57, 48, 52, 119, 59, 50, 41, 43, 92, 17, 7, 107, 113, 2, 82, 29, 58, 124, 89, 84, 65, 77, 120, 125, 20, 32, 21, 36, 46, 39, 22, 121, 54, 95, 66, 12, 13, 9, 101, 5, 90, 71, 91, 72, 98, 73, 74, 51, 8, 56, 55, 64, 81, 100, 122, 110, 118, 83, 35, 31, 112, 24, 47, 67, 62, 69, 96, 25, 6, 85, 87, 68, 63, 123, 128, 60, 108, 75, 10, 4, 44, 15, 127, 104, 61, 27, 114, 111, 116, 38, 70, 40, 0, 129, 49, 1, 117, 79, 45, 19, 3, 34, 53, 16, 30, 33, 126, 106, 103, 42, 109, 97, 88, 93, 76, 102, 80, 11, 86)
794
6366
---------------------------
2 -------- a280 SCH
Vector(176, 175, 180, 179, 178, 181, 182, 183, 184, 186, 185, 188, 187, 189, 190, 191, 193, 194, 195, 196, 197, 198, 199, 200, 201, 202, 203, 204, 205, 206, 207, 208, 209, 210, 211, 212, 213, 214, 215, 216, 217, 218, 219, 220, 221, 222, 223, 224, 225, 226, 227, 228, 229, 250, 249, 246, 243, 240, 239, 238, 237, 230, 231, 232, 233, 234, 235, 236, 245, 244, 242, 241, 1, 279, 2, 278, 277, 3, 276, 275, 5, 4, 0, 247, 248, 255, 254, 251, 252, 253, 256, 257, 258, 259, 260, 261, 262, 263, 264, 265, 266, 267, 268, 134, 135, 136, 137, 138, 147, 148, 149, 177, 150, 151, 155, 152, 154, 153, 128, 127, 20, 19, 18, 17, 16, 132, 131, 130, 129, 126, 125, 28, 27, 26, 25, 21, 24, 22, 23, 13, 12, 11, 10, 9, 7, 6, 8, 274, 273, 272, 271, 270, 15, 14, 269, 133, 139, 140, 141, 142, 143, 144, 145, 146, 192, 163, 164, 165, 166, 167, 168, 100, 99, 98, 97, 92, 93, 94, 95, 96, 91, 90, 89, 88, 108, 107, 103, 102, 101, 169, 170, 171, 172, 105, 104, 106, 173, 160, 161, 162, 174, 159, 158, 157, 156, 118, 119, 121, 120, 122, 123, 124, 29, 30, 31, 32, 33, 34, 35, 36, 37, 38, 39, 40, 41, 42, 59, 60, 117, 61, 62, 63, 64, 65, 57, 56, 43, 44, 45, 46, 47, 48, 49, 50, 51, 52, 53, 54, 55, 58, 116, 114, 115, 85, 84, 83, 82, 81, 80, 79, 78, 75, 76, 77, 74, 73, 72, 71, 70, 69, 66, 67, 68, 86, 112, 113, 110, 111, 87, 109)
89
2987
---------------------------
2 -------- p654 SCH
Vector(292, 292, 288, 284, 280, 276, 272, 268, 264, 260, 256, 252, 248, 244, 240, 236, 232, 228, 224, 220, 216, 212, 208, 204, 203, 202, 206, 207, 211, 210, 214, 215, 219, 218, 222, 223, 227, 226, 230, 231, 235, 234, 238, 239, 243, 242, 246, 247, 251, 250, 254, 255, 259, 258, 262, 263, 267, 266, 270, 271, 275, 274, 278, 279, 283, 282, 286, 287, 291, 290, 294, 295, 296, 297, 293, 289, 285, 281, 277, 273, 269, 265, 261, 257, 253, 249, 245, 241, 237, 233, 229, 225, 221, 217, 213, 209, 205, 571, 519, 518, 547, 546, 531, 517, 516, 545, 569, 544, 530, 515, 514, 529, 513, 528, 565, 564, 563, 543, 527, 511, 510, 509, 508, 526, 507, 506, 505, 540, 541, 561, 562, 542, 560, 512, 566, 567, 568, 570, 102, 103, 104, 72, 71, 70, 69, 67, 66, 65, 64, 68, 62, 63, 9, 8, 7, 6, 5, 12, 10, 11, 61, 13, 46, 42, 40, 39, 35, 36, 34, 29, 28, 27, 26, 24, 23, 20, 19, 25, 30, 31, 32, 33, 37, 38, 41, 43, 44, 45, 47, 48, 50, 53, 52, 54, 55, 57, 58, 59, 60, 56, 51, 49, 18, 17, 22, 21, 587, 588, 589, 608, 623, 622, 642, 643, 644, 624, 591, 590, 592, 593, 609, 625, 645, 646, 647, 610, 594, 595, 611, 648, 649, 650, 626, 612, 597, 596, 651, 627, 598, 599, 613, 628, 652, 629, 600, 601, 653, 397, 396, 395, 394, 398, 399, 400, 401, 405, 404, 403, 402, 406, 407, 408, 409, 413, 412, 411, 410, 414, 415, 416, 417, 421, 420, 419, 418, 422, 423, 424, 425, 429, 428, 427, 426, 430, 431, 432, 433, 437, 436, 435, 434, 438, 439, 440, 441, 445, 444, 443, 442, 446, 447, 448, 449, 453, 452, 451, 450, 454, 455, 456, 457, 461, 460, 459, 458, 462, 463, 464, 465, 469, 468, 467, 466, 470, 471, 472, 473, 477, 476, 475, 474, 478, 479, 480, 481, 485, 484, 483, 482, 486, 487, 488, 489, 390, 386, 382, 378, 374, 370, 366, 362, 358, 354, 350, 346, 342, 338, 334, 330, 326, 322, 318, 314, 310, 306, 302, 298, 299, 300, 301, 305, 304, 303, 307, 308, 309, 313, 312, 311, 315, 316, 317, 321, 320, 319, 323, 324, 325, 329, 328, 327, 331, 332, 333, 337, 336, 335, 339, 340, 341, 345, 344, 343, 347, 348, 349, 353, 352, 351, 355, 356, 357, 361, 360, 359, 363, 364, 365, 369, 368, 367, 371, 372, 373, 377, 376, 375, 379, 380, 381, 385, 384, 383, 387, 388, 389, 393, 392, 391, 586, 585, 621, 641, 620, 607, 584, 583, 619, 639, 618, 606, 582, 581, 605, 580, 604, 635, 634, 633, 617, 603, 578, 577, 576, 575, 602, 574, 573, 572, 614, 615, 631, 632, 616, 630, 579, 636, 637, 638, 640, 15, 16, 14, 4, 3, 2, 1, 557, 536, 524, 500, 499, 523, 498, 522, 553, 552, 551, 535, 521, 496, 495, 494, 493, 520, 492, 491, 490, 532, 533, 549, 550, 534, 548, 497, 554, 555, 556, 537, 501, 502, 525, 538, 558, 539, 503, 504, 559, 109, 108, 107, 106, 110, 111, 112, 113, 117, 116, 115, 114, 118, 119, 120, 121, 125, 124, 123, 122, 126, 127, 128, 129, 133, 132, 131, 130, 134, 135, 136, 137, 141, 140, 139, 138, 142, 143, 144, 145, 149, 148, 147, 146, 150, 151, 152, 153, 157, 156, 155, 154, 158, 159, 160, 161, 165, 164, 163, 162, 166, 167, 168, 169, 173, 172, 171, 170, 174, 175, 176, 177, 181, 180, 179, 178, 182, 183, 184, 185, 189, 188, 187, 186, 190, 191, 192, 193, 197, 196, 195, 194, 198, 199, 200, 201, 101, 99, 100, 98, 97, 96, 95, 94, 91, 90, 93, 88, 84, 83, 82, 79, 78, 77, 74, 75, 76, 73, 81, 85, 86, 87, 80, 89, 92, 105)
21
39966
---------------------------
